90
1 14.5 24.6300395
2 12.5 15.14660549
3 15 14.9992024
4 14 11.67030915
5 6.5 8.95011464
6 5.5 6.785274628
7 7 6.733257376
8 5 6.150749528
9 10 6.011425805
10 9 5.783258659
11 5.5 5.714232525
12 8.5 5.344698173
13 14 5.159241072
14 5 5.134962273
15 6.5 5.104897747
16 12 5.104532399
17 10.5 4.97009465
18 5 4.945591
19 12 4.893524257
20 7.5 4.729593272
21 5 4.61010422
22 6 4.507370029
23 5.5 4.46813678
24 5 4.344631773
25 5 4.332762311
26 5.5 4.243357374
27 5.5 4.187855157
28 5 3.926839267
29 5.5 3.89131185
30 5.5 3.865084486
31 6 3.825199505
32 7.5 3.685325466
33 13.5 3.599054889
34 5.5 3.506978692
35 5 3.45473199
36 8 3.163988556
37 7 3.12815691
38 8.5 3.078871146
39 6.5 3.032574508
40 5 2.875350851
41 6.5 2.846948524
42 6.5 2.730678773
43 13 2.720074981
44 5 2.655116327
45 7 2.605869741
46 7.5 2.593942963
47 5.5 2.429581909
48 5.5 2.267610727
49 6 2.124837454
50 6 2.103168455
51 5.5 2.078958219
52 5.5 2.075588434
53 6 2.061721275
54 5 2.054473714
55 6.5 2.054730361
56 6.5 2.023974395
57 5.5 2.001169409
58 6 1.915974887
59 5.5 1.876451485
60 5.5 1.849401003
61 6 1.842699217
62 5 1.807682444
63 7.5 1.807052441
64 5.5 1.800883445
65 6 1.80258414
66 7 1.760985419
67 5 1.715814544
68 5.5 1.662259989
69 6 1.658823576
70 7.5 1.651936806
71 8.5 1.610448055
72 5.5 1.605533854
73 5 1.58109385
74 5 1.561539657
75 8 1.496091309
76 10.5 1.481532324
77 7 1.443420549
78 8 1.416276573
79 6 1.313453892
80 6.5 1.224239498
81 5.5 1.170973268
82 7.5 1.109164826
83 7.5 1.079452611
84 8 1.049736846
85 5.5 1.017183635
86 5.5 0.928999528
87 5 0.906080714
88 5.5 0.897620317
89 5.5 0.767078811
90 6 0.606727545