69
1 6 5.202
2 11 4.648333333
3 10.5 4.03575
4 15 2.9882
5 13.5 2.460428572
6 14.5 2.181714286
7 15 2.072571429
8 14 1.868666667
9 13.5 1.7921
10 13 1.633222222
11 13.5 1.6085
12 14 1.558857143
13 9.5 1.52375
14 12.5 1.369625
15 12 1.3235
16 8 1.3078
17 13.5 1.23275
18 12.5 1.218571428
19 14 1.1822
20 12.5 1.1464
21 12.5 1.06375
22 15 0.967166666
23 8 0.891916667
24 13 0.879857143
25 7 0.857818182
26 13 0.8515
27 14.5 0.783333334
28 10.5 0.769
29 9.5 0.751272727
30 10.5 0.71175
31 14.5 0.645666667
32 5 0.580153846
33 15 0.4975
34 11 0.38325
35 12 0.315636364
36 11 0.2593
37 10 0.225444445
38 11 0.17
39 5.5 0.168833334
40 13 0.13025
41 5 0.127333333
42 14 0.116888889
43 5 0.0509
44 11.5 -0.149818182
45 14.5 -0.164
46 14.5 -0.1672
47 10.5 -0.190555555
48 11.5 -0.290090909
49 11.5 -0.327
50 9.5 -0.342857143
51 10 -0.350363636
52 12 -0.3688
53 8.5 -0.4785
54 12 -0.505272727
55 12.5 -0.578333334
56 13 -0.632
57 6 -0.664714285
58 8.5 -0.754375
59 8.5 -0.927142857
60 13.5 -0.938
61 6 -0.952875
62 7.5 -0.956833333
63 10.5 -0.961636364
64 8 -1.2835
65 11 -1.473333334
66 7.5 -1.881272727
67 12 -2.3645
68 10 -2.909
69 7 -4.249