123
1 15 3.060214285
2 15 2.402733333
3 13.5 2.10825
4 10.5 2.075
5 5.5 2.03490909
6 11 1.885888889
7 14.5 1.8399375
8 13.5 1.66825
9 13.5 1.652
10 12.5 1.651
11 6.5 1.594954545
12 5.5 1.49255
13 8.5 1.482454545
14 7 1.398681818
15 7.5 1.316333333
16 5.5 1.289888889
17 5.5 1.264904761
18 15 1.254416667
19 7.5 1.228285715
20 8 1.226318182
21 5 1.172190476
22 9.5 1.149833334
23 9.5 1.002142857
24 14 0.913142857
25 8 0.8756
26 6.5 0.860142857
27 6.5 0.850190476
28 10.5 0.831642858
29 13 0.822714286
30 8.5 0.813166667
31 7 0.8069
32 14 0.6739
33 7.5 0.666666667
34 5 0.6143
35 9.5 0.599666667
36 13.5 0.559470588
37 12.5 0.550631579
38 9 0.550526316
39 6.5 0.54164
40 10 0.5031
41 12 0.485
42 6 0.4295
43 5.5 0.429
44 14.5 0.4224
45 14.5 0.406583333
46 12.5 0.401125
47 15 0.394416667
48 5.5 0.392533333
49 13 0.392
50 11 0.383777778
51 10 0.369619048
52 5.5 0.33996
53 6 0.339769231
54 12.5 0.3348
55 13 0.332722222
56 7.5 0.328652174
57 11.5 0.295105263
58 9 0.294722222
59 9 0.290333333
60 12.5 0.274333333
61 5.5 0.240615385
62 13.5 0.234272727
63 11.5 0.2065
64 14.5 0.194538461
65 10 0.182136364
66 8.5 0.115666666
67 13 0.108526316
68 8 0.1036
69 11 0.102
70 14 0.091857142
71 14 0.01275
72 6.5 0
73 5 0
74 7 0
75 7.5 0
76 7.5 0
77 8.5 0
78 7.5 0
79 6 0
80 7 0
81 0 0
82 6 0
83 7.5 -0.007117647
84 11 -0.039833333
85 10.5 -0.041526316
86 10.5 -0.0499
87 14.5 -0.090454545
88 5 -0.096222222
89 8 -0.105631579
90 12 -0.138894737
91 12 -0.241055556
92 14 -0.252444445
93 12 -0.300956522
94 7.5 -0.311714285
95 11 -0.371111111
96 5 -0.392375
97 11.5 -0.411222223
98 5 -0.4555
99 11.5 -0.4857
100 6 -0.56456
101 8.5 -0.568066666
102 13 -0.585727272
103 7 -0.5885
104 8.5 -0.589533333
105 8.5 -0.656428571
106 5 -0.70375
107 7 -0.714666667
108 7 -0.798952381
109 10.5 -0.801545455
110 8 -0.8395
111 8 -0.965333333
112 7 -1.016904762
113 10 -1.1636
114 12 -1.194
115 10 -1.258318182
116 7.5 -1.347619048
117 7 -1.416333333
118 7.5 -1.531666667
119 7 -1.53925
120 9 -1.755666667
121 6.5 -1.771857143
122 11.5 -2.039
123 8.5 -3.6