90
1 15 3.131307692
2 6 2.142190476
3 7 1.961608696
4 14.5 1.621333333
5 5.5 1.619157895
6 12.5 1.584333333
7 6.5 1.574047619
8 7 1.486285715
9 8.5 1.448809524
10 5.5 1.334941177
11 13.5 1.222421053
12 7.5 1.21665
13 8 1.153294117
14 5.5 1.148565218
15 5.5 1.06805
16 5.5 0.986894737
17 5.5 0.957125
18 6.5 0.95565
19 5.5 0.840095238
20 8.5 0.7664
21 7 0.763473684
22 6.5 0.677736842
23 6.5 0.612541666
24 5 0.594391305
25 9 0.549722223
26 5 0.507578947
27 7.5 0.505652174
28 7.5 0.475235294
29 5.5 0.465470588
30 7.5 0.465263158
31 6.5 0.396
32 6 0.38924
33 14 0.387684211
34 5.5 0.379708333
35 5.5 0.35144
36 7.5 0.299636364
37 5.5 0.29415
38 5 0.29145
39 6.5 0.248434783
40 5 0.228954545
41 13 0.203117647
42 6 0.185529412
43 5.5 0.173714286
44 10.5 0.131
45 7.5 0.070739131
46 6.5 0.0362
47 5 0.021941176
48 5 0.016434783
49 6.5 0.016235294
50 5 0.016055556
51 6 0.006666666
52 10 -0.019857143
53 8 -0.068526316
54 5.5 -0.080956521
55 5 -0.120625
56 12 -0.121
57 7.5 -0.1807
58 6 -0.200625
59 5.5 -0.232526316
60 5 -0.254714285
61 5 -0.257227273
62 5.5 -0.276047619
63 12 -0.287727273
64 5.5 -0.326454546
65 6 -0.41525
66 5 -0.438105264
67 7 -0.474666666
68 5 -0.497571429
69 14 -0.5265
70 6 -0.5834
71 5 -0.588086956
72 6 -0.60075
73 5 -0.631578948
74 5.5 -0.645666666
75 8 -0.651318182
76 7 -0.676476191
77 5.5 -0.680076923
78 8.5 -0.726428572
79 5 -0.758428572
80 10.5 -0.939333333
81 5.5 -1.009611111
82 5 -1.086478261
83 5.5 -1.135947369
84 6 -1.174941176
85 5.5 -1.242227272
86 5.5 -1.269125
87 6 -1.352166666
88 8 -1.6338
89 5.5 -1.850466666
90 6 -2.059652174