103
1 14.5 24.99464384
2 15 15.70265369
3 13.5 15.2812508
4 12.5 13.90885379
5 15 12.87926505
6 14.5 11.63891844
7 11 10.65440308
8 13 10.37594358
9 14 10.36493929
10 15 10.22018089
11 14 10.21957185
12 13.5 9.446066863
13 11.5 8.764199954
14 10 8.720314935
15 14 8.6414854
16 13.5 8.507942001
17 8 8.339125496
18 7 8.046037638
19 7.5 7.95140305
20 14 7.598292759
21 14.5 7.427777957
22 7.5 7.411597884
23 8.5 7.103879563
24 7 7.066314815
25 13 7.038232673
26 14.5 6.823427156
27 12 6.806078033
28 7.5 6.746057602
29 9.5 6.631956963
30 8.5 6.525211851
31 14.5 6.428171826
32 12 6.415895576
33 13 6.382400365
34 5.5 6.32328252
35 6.5 6.170410661
36 7 6.037878381
37 9 6.020110429
38 8.5 5.983766079
39 7 5.906178899
40 10 5.805658748
41 12.5 5.724453313
42 12.5 5.482868234
43 7.5 5.370819605
44 5.5 5.35816847
45 11 5.31524504
46 10.5 5.302500836
47 5 5.112837376
48 15 5.090690308
49 10 5.08756033
50 11.5 5.03241714
51 12 4.985948099
52 14 4.8874062
53 12.5 4.882283158
54 11.5 4.826518489
55 11 4.803939457
56 11.5 4.767848912
57 10.5 4.672384847
58 8 4.665299806
59 12.5 4.628991249
60 8 4.521389261
61 5.5 4.490856304
62 13 4.463512792
63 12 4.100625113
64 5.5 4.086275554
65 5 4.001139711
66 10.5 3.484801461
67 7.5 3.351920416
68 12 3.321345539
69 6.5 3.309629452
70 7 3.297127701
71 11 3.225397702
72 13 3.173959375
73 8 3.063120923
74 8.5 3.063118074
75 8 2.940447114
76 7 2.792071665
77 8 2.761440741
78 7 2.759097833
79 7.5 2.737850101
80 11.5 2.674066232
81 6 2.630336504
82 9.5 2.59481207
83 10.5 2.519949151
84 9 2.32860034
85 7 2.322737037
86 6.5 2.309639777
87 10 2.286801514
88 10 2.201283539
89 10.5 2.04163422
90 8.5 1.807444972
91 9 1.678601559
92 7.5 1.598482687
93 8 1.586782008
94 7.5 1.583261364
95 8.5 1.532369892
96 13.5 1.439463862
97 7 1.172685036
98 5 1.164324074
99 6 1.139003108
100 6.5 1.126360057
101 6.5 0.942022215
102 5.5 0.941157341
103 7.5 0.895555556