123
1 12.5 4.140661754
2 11 3.81068992
3 5 5.080309946
4 9.5 7.141873094
5 6.5 0.989053957
6 6.5 2.680856987
7 8.5 1.587801526
8 6.5 6.166567324
9 7.5 5.296651949
10 8.5 0.966985101
11 12.5 5.044566529
12 5 5.260346297
13 5 1.063689056
14 7 8.777168113
15 7.5 2.052395531
16 7 1.372904722
17 8 2.524129759
18 5 7.135733696
19 5.5 3.945245124
20 15 17.04815562
21 7.5 5.321993505
22 10.5 3.99476884
23 11.5 3.097989025
24 8.5 8.969731956
25 5.5 4.475001818
26 8 4.059040161
27 7.5 4.1964496
28 7.5 4.826921648
29 10.5 4.895820512
30 9 1.6309361
31 14 12.05828915
32 13.5 15.11492791
33 10 2.141891332
34 14.5 11.59639935
35 12 4.621305059
36 11 7.335333369
37 7 3.326288699
38 6.5 2.1748499
39 7 10.62499576
40 7 5.533548343
41 8 2.809607156
42 6 1.173017398
43 10 5.791553982
44 13 9.584365375
45 10.5 4.587543114
46 7.5 1.043109162
47 7.5 2.537061204
48 12 3.859508263
49 14.5 27.87088742
50 13.5 8.424406303
51 5.5 7.510128393
52 10 2.540782289
53 6 5.698237374
54 6 2.521355314
55 11.5 8.141646737
56 8.5 1.784800499
57 10 5.425239824
58 13.5 1.423637653
59 8.5 3.083349007
60 11 6.911702608
61 5.5 6.078010029
62 12 6.478960966
63 13.5 8.493080669
64 7 2.476533762
65 12.5 15.00722524
66 10.5 3.798793592
67 12 5.153167201
68 0 0.924836498
69 12.5 4.940747116
70 11.5 5.018025927
71 6.5 3.211544498
72 13 9.39827242
73 8.5 7.795768238
74 6 1.29167677
75 14 6.652188659
76 8.5 5.26004459
77 6.5 6.245441341
78 15 17.11022798
79 7 1.81172303
80 13.5 10.58804557
81 5.5 5.839809439
82 8 7.497010622
83 9.5 2.237008677
84 7.5 5.160357143
85 13 7.909352841
86 7.5 7.518395477
87 9.5 6.405094252
88 13 3.886449589
89 9 6.609671253
90 11 12.3825582
91 9 1.89168358
92 14.5 7.701464834
93 5.5 3.832715983
94 14.5 8.111086541
95 12 6.485386702
96 14 8.581668838
97 7.5 3.652995843
98 8.5 5.837686573
99 5 3.763674841
100 14 6.093402434
101 15 9.85303249
102 8 4.846380874
103 14.5 11.50361473
104 7 5.059584175
105 10.5 2.529295588
106 7.5 5.169874432
107 5.5 8.898734247
108 12.5 6.139242995
109 7 6.125620666
110 7 0.961409141
111 11.5 5.282680679
112 5.5 4.83557571
113 8 2.679940768
114 5 5.07420257
115 5 6.533550198
116 13 4.053047003
117 6 4.879185746
118 15 5.583583068
119 10 9.61650574
120 11.5 5.003767582
121 14 7.811422019
122 11 6.519864095
123 9 6.543173852