103
1 5.5 2.875736329
2 5 1.630551576
3 5 6.869672967
4 5 6.051585575
5 9.5 7.098970331
6 6.5 0.944488032
7 6.5 1.631176841
8 8 1.52458497
9 7.5 4.247159533
10 5.5 1.330700826
11 5 2.927542206
12 5.5 4.740836389
13 12.5 7.270471131
14 6.5 4.212438326
15 5 1.024733395
16 7 7.993201784
17 5 1.546195398
18 5.5 4.997205835
19 6 3.11504478
20 6 3.731995804
21 7.5 4.636696592
22 10.5 2.541024189
23 5.5 2.809883217
24 5 1.666237944
25 7.5 3.633079989
26 14 9.147142583
27 5.5 3.858115413
28 5.5 1.958138894
29 14.5 15.74023774
30 5 2.717920937
31 6 2.341441636
32 7 3.552788714
33 7 4.523707316
34 6.5 3.665344509
35 7 12.76544127
36 8 2.571183665
37 5.5 2.86198693
38 10 8.195456365
39 6.5 3.437670662
40 5 2.630781638
41 13 8.948611269
42 5.5 1.552021193
43 7.5 1.113686157
44 7.5 4.844996694
45 13.5 8.773281667
46 10 1.863542172
47 6 2.425138858
48 6 2.622279041
49 11 6.976947528
50 5.5 6.476369553
51 12 7.446292377
52 13.5 12.29943023
53 7 2.918954833
54 12.5 13.86963545
55 6 3.787913061
56 12.5 5.940468298
57 5 4.051881859
58 5.5 2.375867528
59 6.5 3.528238024
60 13 8.863677589
61 8 2.055100531
62 6 1.25206923
63 7.5 1.43887019
64 6 0.991176518
65 7 1.801184975
66 5.5 7.465838471
67 8 7.269700764
68 9.5 4.636826506
69 6.5 1.979491052
70 6 0.90477069
71 13 2.882871342
72 5 0.738369484
73 6 1.640072978
74 5.5 1.135067406
75 5.5 3.609989912
76 5.5 1.007448573
77 7 3.22214852
78 14.5 8.986569885
79 5.5 4.098276368
80 7 1.659138537
81 5.5 1.317155481
82 5 2.222516609
83 7.5 3.228844702
84 8.5 8.435361801
85 5 3.704507844
86 7.5 1.15415163
87 5 2.36906518
88 8 6.04105719
89 5.5 2.071020238
90 5 2.105264922
91 7.5 6.407459805
92 6 4.977566273
93 7 12.16567281
94 5.5 2.484933303
95 11.5 5.280363005
96 7.5 1.091890694
97 5.5 3.609379369
98 5.5 0.886996034
99 5.5 2.092621282
100 5.5 2.211078842
101 15 7.176891402
102 6.5 3.248996133
103 9 5.943277307