103
1 15 3.39225
2 15 2.574357143
3 13.5 2.2488
4 14.5 1.737142858
5 5.5 2.2384
6 12.5 1.677529412
7 14 1.065333333
8 10.5 2.305555556
9 15 1.368454545
10 6.5 1.65275
11 7 1.5606
12 8 1.284714286
13 13.5 1.290333333
14 8.5 1.52125
15 12 0.525416666
16 5.5 1.124263158
17 14.5 0.443545455
18 14 0.098923077
19 11 2.121625
20 7 1.796666666
21 10.5 0.895615385
22 13.5 0.2577
23 13 0.886
24 5.5 0.6435
25 6.5 0.90315
26 9 0.582058824
27 13.5 0.5944375
28 9.5 1.079230769
29 10 0.529578948
30 8 0.921684211
31 8.5 0.958
32 12.5 0.581222222
33 14.5 0.21075
34 14 0.409222222
35 15 0.430272727
36 5.5 1.418375
37 12.5 0.358714286
38 14.5 0.444631579
39 13 0.2158125
40 14 0.0136
41 13 0.114555556
42 13 0.424666667
43 6 0.449952381
44 7.5 0.313904762
45 10.5 0.147375
46 11.5 0.3115
47 9.5 0.8995
48 12.5 0.299272727
49 14.5 -0.0995
50 8 -0.1115
51 11 -0.042176471
52 12.5 0.458428571
53 11 0.43175
54 11 -0.392941176
55 12 -0.255235294
56 8.5 -0.68925
57 10 0.3881
58 5 0.0233125
59 14 -0.601714285
60 10 -0.02085
61 7.5 -0.0075625
62 10.5 -0.043833333
63 8.5 -0.608642857
64 11.5 0.236
65 12 -0.128117647
66 7.5 0
67 13 -0.6443
68 11.5 -0.511263158
69 8.5 -0.782307692
70 7 -0.8389
71 7 -1.072
72 12 -0.301428572
73 8 0
74 7 0
75 11.5 -0.462625
76 5 -0.614818181
77 7.5 0
78 8 -1.034285714
79 9 0.4355
80 10 -1.4545
81 7 -1.06775
82 10.5 -0.9863
83 7.5 -1.151
84 5.5 -0.73675
85 7.5 0
86 7.5 -1.415
87 10 -1.318238095
88 7 0
89 7.5 -2.2975
90 12 -1.4328
91 6.5 -1.908153846
92 6.5 -1.044
93 5 -0.297166667
94 8 -2.04225
95 6.5 -1.251
96 8 -0.682333334
97 7 -2.052333334
98 9 -2.6335
99 11.5 -3.0585
100 6 0
101 7.5 0
102 7 -2.1245
103 8.5 -7.2